====================================================================================================
Layer 27: AveragePool2D
====================================================================================================

Input Feature Map:
Tensor index: 50
Shape: 1x3x3x256
Bytes expected: 2304
Bytes parsed: 2304
Hex bytes:
80 80 80 80 80 80 80 80 80 97 80 80 80 80 80 80 80 80 80 80 80 8B 80 80 AB 80 80 80 80 80 80 80
80 80 8F 94 80 80 95 80 80 80 80 80 80 80 88 80 80 80 80 80 80 80 80 80 80 80 80 80 80 80 80 80
80 80 80 80 80 80 80 80 80 80 8A 80 80 80 80 80 80 80 80 80 80 80 80 80 80 80 80 80 8F 80 80 80
80 80 80 80 80 80 80 80 8F 80 80 80 B5 8C 80 80 80 80 80 9B 80 80 80 80 80 80 80 80 80 80 80 87
80 A8 80 80 80 80 80 80 81 80 80 80 80 80 80 80 80 80 80 80 80 80 80 80 80 80 80 80 80 83 80 80
80 84 C0 80 80 80 80 80 80 80 80 80 91 80 88 80 A1 80 80 80 80 80 80 80 D3 89 91 80 80 80 80 80
80 9E 80 80 80 80 80 80 80 80 80 80 80 80 94 80 80 80 80 80 80 8F 82 80 80 80 80 80 80 80 80 88
80 80 80 80 80 80 80 87 80 80 80 80 80 80 80 90 80 80 80 80 80 80 80 80 8A 93 80 80 9A 80 80 80
80 AB 88 80 80 80 80 80 80 80 80 80 80 80 80 80 80 80 80 90 80 C0 80 80 9B 80 80 84 80 80 80 80
80 80 80 80 80 80 80 80 80 80 80 80 80 80 80 80 80 88 80 80 80 80 80 80 80 80 80 80 80 80 80 80
80 84 80 80 80 81 80 80 80 80 80 80 80 80 80 80 80 80 80 80 80 80 80 B5 80 80 80 80 80 80 80 8B
80 80 80 80 80 80 80 80 80 95 80 80 8F 80 80 80 80 81 80 AC 80 80 80 80 80 80 80 80 80 80 80 80
80 80 80 94 80 80 80 80 9D 8D 80 80 80 80 80 80 80 80 80 80 80 80 80 80 80 80 80 80 80 80 80 80
80 83 98 9B 80 80 80 80 80 80 80 80 80 80 A0 80 80 80 80 9E 80 80 80 80 82 A8 80 80 80 80 8B 80
80 80 80 80 80 9B 80 80 80 80 80 80 80 80 80 80 80 80 80 80 80 80 80 80 80 80 80 80 80 80 AE 80
80 80 80 80 80 80 80 80 80 80 80 80 80 80 80 87 80 80 80 80 80 80 80 80 89 80 80 80 80 80 80 80
80 80 B1 80 80 80 92 80 94 8F 80 8A 80 83 80 80 80 81 80 80 80 EA 80 80 80 80 80 83 80 80 80 80
80 99 80 8B 80 80 80 80 80 90 8C 80 83 8E 80 80 80 8B 80 80 80 80 80 80 80 83 80 A4 80 80 80 80
80 80 80 80 80 85 C8 80 80 8A 80 80 80 80 80 80 80 80 80 80 8F 80 80 D0 80 80 80 80 80 80 80 80
80 80 80 80 80 80 80 8F 9B D4 80 80 A5 A4 86 80 80 80 C5 90 80 80 B0 80 80 80 80 80 80 80 80 8C
80 8F 80 80 8E 80 9B 80 97 97 B3 80 81 80 80 80 80 80 80 80 80 80 80 80 80 80 80 92 80 B2 81 80
80 80 CA 94 80 80 80 80 80 80 80 80 86 D2 84 80 80 80 88 80 80 88 80 80 80 B4 80 80 80 80 8B 80
80 B4 80 80 80 D8 80 80 80 80 80 80 8A 80 80 80 80 80 80 89 80 80 80 80 80 80 80 80 80 81 EA 80
80 80 86 80 80 80 80 80 80 80 80 80 80 80 80 8A 80 80 80 80 80 80 80 80 80 92 80 80 80 80 80 80
80 80 80 80 B4 80 80 90 80 80 80 80 80 80 80 80 85 80 83 80 80 80 84 8D 8F 80 80 8D 94 82 80 80
8E 80 8A 80 80 80 80 80 80 85 96 80 80 80 80 80 93 80 80 80 80 91 80 80 8B 80 80 80 9E B8 BA AB
AC 80 80 80 8D 8D 80 98 9E 80 84 C5 83 80 80 80 92 80 80 88 80 80 80 A8 95 99 9B 80 80 80 AA 80
80 95 80 87 80 80 80 B7 80 80 80 80 80 99 9B 80 80 9B 80 80 80 80 80 8D 9A A1 80 8E 80 80 80 92
80 85 80 8F 80 80 80 80 81 9D 80 80 80 80 80 8D 85 80 80 82 80 80 93 91 9D 80 80 80 80 80 80 A8
BE 84 9B 80 80 80 80 80 80 A3 80 92 A1 80 99 8B 80 80 80 80 8D 80 86 80 80 80 85 80 8E 80 80 80
BE 80 80 80 80 80 80 80 80 80 82 86 80 80 80 90 80 84 80 80 80 A3 AE 80 8C 80 A9 80 80 80 80 A5
A1 80 80 80 80 94 AE 8C 80 97 80 86 80 80 80 8A 97 80 80 80 88 AA 80 80 98 80 80 80 81 80 81 80
90 95 80 82 8C 80 80 8A 94 90 A9 80 83 90 80 80 80 80 80 80 80 80 8D 80 AC 80 80 91 8F 80 80 80
91 80 93 87 80 80 80 80 85 8A 87 80 80 81 80 80 8B 80 95 80 87 80 9F 80 80 80 83 98 8B 89 9F 8D
80 80 88 80 80 90 80 9C 8B 93 86 80 88 80 80 80 8C 80 80 80 B1 80 80 80 8A 94 93 80 94 95 80 80
80 B2 87 88 80 95 84 8E 81 80 80 80 80 80 8B 80 80 8A 80 90 80 80 80 80 85 80 80 83 80 80 89 80
80 80 A6 84 80 80 A3 80 99 A2 80 85 80 86 80 86 80 80 81 80 82 A3 80 82 80 8C 80 80 80 80 80 80
80 8D 80 93 80 80 89 80 87 8C 8C 8C 80 80 8F 83 8C 85 80 87 80 83 80 8B 80 80 80 8A 81 84 84 A7
9C 80 82 80 80 80 80 80 80 80 80 83 80 A3 80 80 80 80 80 80 80 80 AF 80 8B 83 80 80 80 83 80 89
82 80 80 83 87 80 80 80 80 96 80 85 80 80 80 83 80 80 80 80 80 97 A7 80 80 80 87 80 80 B3 89 80
9D 99 80 A0 80 80 A4 88 B5 82 A2 80 86 9B 8E 80 80 9F 80 92 81 80 8A 80 94 80 80 89 80 80 80 80
8C 84 8F 80 90 87 80 80 8A 90 8E 80 9F 98 8F 80 80 80 8B 80 B6 80 9E 80 8B 85 98 8C 80 80 80 80
80 89 B5 83 80 91 A2 80 80 9A 91 80 80 80 86 9B 80 80 96 89 C8 A4 9F 80 80 80 97 93 8B BA 80 80
84 80 8E 80 80 B3 84 80 8D 80 83 80 80 80 8E 91 9B 9D 92 80 80 80 80 80 80 80 9D 96 80 94 B6 80
80 85 94 8D C2 80 B0 97 8A 80 94 8A 85 8A 80 80 80 80 80 80 80 94 80 8D 80 8E 89 AF 80 80 84 80
80 8A 80 8E B2 81 AD 80 9F 82 B1 80 80 AC 91 80 86 8D 80 80 80 92 80 8A 80 80 8E 94 85 84 87 AE
80 80 8B 80 80 80 98 A4 89 9E 80 90 80 9B 80 80 9A 80 80 80 80 80 80 88 80 A0 80 87 80 82 89 84
80 96 80 91 80 80 8A 80 80 80 80 80 80 97 88 80 83 92 80 80 80 80 80 80 94 80 91 A0 84 CA 80 80
97 80 80 80 80 91 80 89 80 92 80 80 83 80 80 80 80 80 9A 87 80 80 80 8B 80 88 80 8A 94 99 80 80
80 80 80 88 80 80 80 89 80 81 80 80 80 80 80 99 83 80 80 86 80 80 81 80 8D 87 90 80 A3 B3 A8 A0
A6 80 80 8A A8 80 80 99 A8 80 80 AB 80 80 82 80 80 80 80 84 80 80 80 80 A1 A4 8B 80 80 80 AD 80
90 95 80 92 85 80 80 A2 80 80 80 80 80 89 8A 80 80 80 80 80 80 91 80 8F 84 92 80 88 8A 80 80 8A
80 88 80 85 80 80 80 83 8B 8F 80 80 8A 80 9C 89 84 8D 80 8A 80 91 98 8B 98 88 80 80 9C 80 85 9A
A8 8E 84 81 80 80 80 80 80 87 80 99 80 80 80 98 80 80 82 80 9D 80 80 87 80 80 85 80 84 81 81 80
A4 80 85 83 80 80 80 80 80 80 80 8B 91 8D 80 97 80 80 93 8B 87 91 80 80 A2 80 92 80 87 80 80 80
80 8F 80 80 82 80 8A 8D 80 A6 80 80 91 80 80 80 80 80 85 80 A0 8C 9E 80 80 80 80 80 8A 80 84 80
91 8C 80 A0 80 80 80 80 8D 91 94 85 80 8A 89 80 80 80 80 80 8B 80 88 82 90 93 80 80 9E 86 91 80
80 80 81 83 80 84 80 8E 86 85 80 80 80 80 8F 95 89 84 93 96 A3 80 A6 80 82 85 90 80 8C 95 A0 92
8F 80 87 80 80 85 80 A9 9A 89 8A 80 80 80 A8 9B 80 80 9C 80 94 8B 98 80 A4 A9 80 87 91 94 8D 80
8C 96 80 AD 88 AC 87 80 80 80 9A 80 80 80 84 80 95 82 80 88 82 81 80 80 80 80 80 88 9E 90 8B 80
81 82 80 86 80 80 8C A3 8F 80 80 94 80 90 83 8B 80 80 80 80 85 A2 80 92 96 A1 80 83 83 80 80 80
80 89 80 80 80 80 9D 80 95 81 80 91 86 80 8A A9 80 8C 80 81 9F 80 87 86 80 80 89 9F 89 81 89 AE
8E 80 81 80 90 80 88 91 80 97 80 8A 89 AD 80 80 9C 81 98 86 88 80 80 85 A6 80 97 8A 80 8A 80 80
80 80 84 8B 89 96 80 88 80 A9 80 80 95 A8 80 80 80 80 8C 80 97 85 A5 80 86 80 81 80 80 8E 80 80
8B 80 80 A2 80 88 8D 85 86 93 91 8B 80 8D 88 80 80 8F 80 88 92 80 83 80 80 8E 80 80 80 80 80 89
86 80 89 8A 86 8B 80 8F 8F 88 80 80 8B 80 8D 91 86 87 8A 93 A4 88 96 83 8C 88 80 80 80 80 81 80
80 87 92 85 80 89 80 88 80 81 8A 80 80 80 9D A2 80 83 A0 80 95 9A 9F 80 86 80 85 A0 86 8D 80 80
80 80 81 8E 80 A3 83 80 80 80 9A 8B 80 80 81 94 9B 86 80 8E 80 80 80 80 80 80 80 80 80 9D 9E 80
88 91 80 83 95 87 88 A1 91 80 80 97 88 8A 96 80 80 80 83 83 8C 80 80 89 8C 95 9E 80 83 80 89 80
80 8C 80 8C 88 91 A0 81 A0 84 9C 80 88 80 87 94 81 8E 81 80 80 84 8E 81 86 80 80 93 87 80 88 95
80 80 84 87 93 80 8E 9A 87 9D 80 80 84 94 80 80 A1 80 9A 8A 8C 80 80 8F 87 80 99 81 85 8D 80 80
80 80 8B 8B 88 84 94 84 80 8D 80 84 99 9F 89 82 91 80 8B 8C 80 80 80 85 85 80 98 9E 80 A3 80 80
Output Feature Map:
Tensor index: 27
Shape: 1x1x1x256
Bytes expected: 256
Bytes parsed: 256
Hex bytes:
8B 8B 86 8B 87 83 87 85 8C 8C 8C 83 81 88 83 80 81 85 83 85 83 94 84 83 92 85 80 86 89 84 82 81
85 83 88 87 82 82 82 84 84 87 86 80 85 84 86 87 85 83 87 85 8F 83 8E 80 85 83 87 88 8A 8F 92 8C
8B 82 8A 82 86 87 8C 8E 8C 87 86 8C 81 80 89 8A 83 80 89 82 94 88 8A 93 8C 8E 89 86 88 8C 8B 81
84 8D 82 8A 81 91 82 8D 86 8C 86 81 8C 89 88 84 88 88 8A 8E 80 82 85 83 84 86 83 86 84 87 8C 85
81 8A 86 87 8B 81 8E 8A 8F 8D 88 86 83 85 86 84 81 81 80 82 82 8C 85 88 8A 8A 84 88 84 86 82 87
8B 88 95 8A 86 82 8D 80 8A 87 8A 88 88 8E 8D 8B 86 85 81 84 88 84 83 84 8A 8B 86 89 84 81 86 91
90 89 83 81 84 8D 85 89 82 89 80 85 84 90 82 84 8A 81 88 84 83 87 8B 83 8B 84 8C 82 81 83 92 86
84 84 82 85 83 85 8A 85 80 8F 80 82 87 8A 82 85 85 82 83 81 87 89 8C 81 88 84 85 87 85 93 82 80
