====================================================================================================
Layer 20: Conv2D
====================================================================================================

Input Feature Map:
Tensor index: 35
Shape: 1x6x6x128
Bytes expected: 4608
Bytes parsed: 4608
Hex bytes:
80 82 80 80 80 9A B6 80 80 80 A0 96 8B 80 80 80 80 9C 96 8E C9 80 80 82 94 80 83 80 80 80 80 80
A3 81 80 90 91 80 A6 8C A4 9F 8F 80 A8 80 23 80 95 A8 80 80 80 80 84 80 80 80 80 90 80 80 80 81
98 87 80 80 80 80 80 80 A0 80 80 80 A9 80 80 80 80 AD 80 9C A7 90 86 80 80 80 80 CF 80 80 80 84
9E 80 80 80 9F 80 B3 81 A5 80 80 80 80 89 80 80 9C 80 80 80 98 80 83 AF 80 80 E1 80 80 80 80 80
80 82 80 80 83 B2 8E B0 80 82 9A 88 80 80 89 80 80 BF 8E 81 BC A4 8B 80 80 80 80 80 80 80 82 80
A0 88 82 80 9B 80 B7 8B D4 80 82 80 A8 80 48 80 90 A7 80 80 83 A5 80 80 80 80 80 80 80 C9 80 80
84 80 AB 80 80 D0 80 80 BA 80 80 80 A7 80 8A 80 80 AD 80 8B A7 80 80 80 80 80 80 18 90 80 80 92
80 80 80 80 93 81 B3 80 A4 97 80 80 80 BB 80 80 88 80 80 80 91 80 80 A6 80 80 E3 80 9C 80 80 80
80 82 8A 80 90 80 80 A8 80 80 88 80 9F 80 99 80 80 96 91 A5 A6 DE 8F 80 80 80 90 80 80 80 80 80
9C 96 8A B2 86 80 AA 9F 80 80 94 8B A8 80 F7 80 9B AD 80 81 80 E1 80 80 80 80 80 80 80 EE 80 80
80 82 BE 80 80 13 80 80 C6 80 80 80 A6 80 8B 80 80 8C 80 80 A7 80 96 82 80 80 80 2A B6 80 80 94
A4 80 80 80 A3 A6 AE 80 A5 A4 80 80 80 07 80 80 80 80 80 80 80 80 80 A6 9A 80 D4 80 BA 80 80 80
87 82 92 80 8E A0 80 93 80 80 80 80 9D 80 8F 8C 80 80 8F AC B2 94 8E 87 80 80 A3 80 80 80 80 80
8B 91 94 D9 81 80 A7 A5 9A 80 AD 85 A8 80 BE 80 9B AA 80 81 80 CC 80 80 80 80 80 80 80 99 80 83
80 80 C2 80 80 CF 80 AD DB 80 80 80 AB 80 80 80 80 85 80 80 A7 80 9A 81 80 80 80 1F B3 80 80 95
80 80 80 81 A5 A1 AA 80 A5 92 8E CE 80 2C 80 80 80 80 80 80 80 80 80 96 C0 80 CA 80 C6 80 80 80
90 82 8B 80 80 CB 80 91 80 80 80 8F A8 80 80 C2 80 87 8B AE C3 80 80 A8 96 80 A3 80 80 80 80 80
8C 91 80 FF 80 80 9A A4 8A 80 B3 80 A8 80 94 80 9B AD 80 80 80 EF 80 80 80 80 80 81 98 80 80 80
80 84 A0 84 9B 81 80 A9 C5 80 80 80 A8 80 80 80 80 80 80 80 A7 80 80 80 80 80 80 DD 9F 83 80 80
91 80 80 80 8C A3 A6 80 A5 87 91 F7 80 FA 80 80 80 80 80 80 80 80 9C 87 C6 80 BB 80 CC 80 99 80
80 82 B3 80 80 88 82 80 80 80 80 88 A8 80 80 AD 80 A9 8B AE 80 8E 80 80 9D 80 A3 80 80 A9 80 80
85 80 80 D1 80 80 A1 AE A1 80 A5 80 A8 80 80 80 9B A9 80 80 82 BD 80 80 80 80 80 92 AA 80 80 80
81 80 80 80 80 80 80 C0 A0 80 80 80 AA 80 80 80 80 9E 80 80 A7 80 85 80 80 80 80 AA 80 80 80 80
94 80 A9 80 92 A3 AB 80 A5 91 80 40 80 01 80 80 80 84 80 80 80 80 8F AD AF 80 8B 80 BA 80 80 80
80 8A 80 80 80 A7 CC 80 80 81 A2 80 80 B9 80 80 80 80 80 87 80 80 80 80 97 80 81 80 80 80 80 97
98 80 8A 89 AD 88 93 98 80 80 80 80 92 80 32 80 90 AF A8 80 80 C5 80 80 80 80 87 8E 80 80 80 80
80 AA 8C 80 80 80 80 80 93 80 80 80 85 80 9C 8E 8C A7 E9 D8 A6 93 80 80 86 80 80 BC 80 80 80 8D
80 89 80 97 80 9D 9F 81 A5 80 80 80 81 94 80 80 80 80 80 80 CB 80 80 AE 80 80 A3 80 80 80 86 80
80 C0 80 89 80 C4 80 80 80 8E B5 80 80 92 80 80 80 85 80 82 80 D2 B7 80 85 80 80 80 80 A5 A9 B5
BF 85 D4 80 D4 89 C1 80 80 80 80 1B 9C 80 F8 80 8C A6 94 80 AE 20 80 80 80 80 9E 80 80 80 80 A9
80 80 CF 80 82 C3 80 80 C0 80 80 80 AB 80 A9 91 80 80 80 9C A6 80 80 C7 8A 80 80 E6 98 80 80 B5
80 81 83 88 80 80 97 84 A5 80 80 80 80 EE 80 80 80 80 80 80 E6 80 80 96 80 80 99 80 BB 80 80 98
80 A2 B0 80 80 80 80 80 84 80 88 80 80 80 80 80 80 81 80 A3 80 28 DF 80 80 80 80 80 80 90 80 A3
D8 86 04 C8 80 80 AA 8D 80 80 9D 17 A8 80 80 80 91 AD A2 8A 80 4B 80 80 80 80 8E 80 80 98 80 C0
80 99 D2 80 80 FB 80 CA C9 80 80 80 80 80 B4 91 80 80 80 80 A7 80 80 C9 80 80 80 F0 92 80 80 CD
9B 99 80 80 81 80 80 80 A5 80 80 80 80 54 80 80 80 80 92 80 DE 80 80 B2 90 80 89 80 97 80 80 80
80 DA 80 80 80 AD 80 80 80 80 91 9D 99 87 80 CC 80 80 80 AC 80 A4 C2 92 80 80 80 80 9F 80 80 80
B3 94 F7 BE 8F 80 90 97 80 80 9F C4 A8 80 80 90 8C A8 BB 93 92 47 80 80 80 80 80 80 80 80 80 80
80 80 CA 80 80 CC 80 1B E5 80 80 80 A2 80 80 85 80 80 92 A3 A7 80 86 80 80 80 80 F7 8E 80 80 B6
80 94 80 95 95 9B 80 80 A5 80 80 80 80 66 80 80 80 93 8E 80 BD 80 80 94 C1 8E 80 80 88 80 86 80
80 9E 80 80 80 DC 80 80 80 80 8C F3 A8 94 80 FD 80 80 80 AE 80 80 95 AD 80 80 88 80 9D BF 80 80
C4 8C 8F BA 80 80 80 98 80 80 93 80 A8 80 80 AB 9B A5 D3 80 95 2A 80 80 80 80 80 80 80 80 80 80
80 8D 9E 8A AB 80 80 11 C4 80 80 80 86 80 85 8B 80 80 E4 8B A7 80 80 80 80 80 80 BE 91 80 80 80
9C 84 82 80 80 A5 80 80 A5 80 8B 80 80 F9 80 80 80 A6 95 80 91 80 80 80 CC 80 80 80 AF 80 C2 80
82 AC C6 80 80 82 80 80 80 81 80 AA A8 B8 80 CF 80 80 80 AE 80 90 80 91 AB 80 9B 80 80 F7 80 80
B4 80 80 B5 80 80 9F AE 80 80 AC 90 A8 80 80 A9 9B A7 D1 80 8C E2 80 80 80 80 80 80 A0 80 80 80
89 80 80 80 B1 80 80 D2 AC 80 80 80 A0 80 80 85 80 8A 80 80 A7 80 80 80 80 80 80 9E 88 81 80 80
87 80 B8 80 94 A3 8C 80 A5 8C 80 B8 80 C8 80 80 80 8B A8 80 80 80 80 8E B3 80 80 80 8B 80 80 80
80 85 80 80 84 9A BB 80 80 80 C9 8D 80 CB 80 80 80 80 80 9A 81 80 81 80 99 80 80 88 80 80 80 A2
D9 80 98 83 AD 80 80 96 AA 80 80 80 80 80 33 80 97 A4 A6 80 80 A8 80 80 80 80 9D 86 80 80 80 98
80 A2 80 80 80 80 80 80 81 80 80 86 80 80 A1 80 9A 87 96 AD A0 96 80 83 80 80 80 80 80 80 80 80
8E 97 80 F1 80 89 8F 80 A5 80 80 80 CB B1 84 80 80 80 80 80 ED 88 80 AE 80 80 80 80 80 80 94 80
80 80 81 9B 9F E5 80 80 80 92 C3 80 80 8C 80 80 80 80 80 A2 80 D9 B8 80 AE 80 80 80 80 83 D4 B6
E3 80 D9 80 C5 80 AD 80 AA 80 80 03 8A 80 C4 80 8B A6 A3 80 AA ED 80 80 80 80 95 80 80 80 80 8F
80 80 80 80 9E 80 80 BF 8E 80 80 80 80 80 A3 80 80 80 80 90 9B 80 9D F7 80 80 80 80 80 80 AD FE
80 8A 80 EB 80 80 83 80 A2 80 80 80 80 D9 80 80 80 80 80 83 06 80 80 97 80 80 80 80 D7 80 80 A4
80 8D 0F 9E 87 CC AC 80 91 84 C1 83 80 80 81 89 80 80 80 AE A2 08 F5 80 80 80 80 80 80 80 80 B4
E6 80 F6 09 88 80 A8 80 9D 80 AC A0 B3 80 80 80 92 AD 80 A8 80 D2 80 80 80 80 8C 80 80 80 80 89
80 92 80 80 BF A5 80 FC 84 80 80 85 80 80 9C 80 80 80 80 BD A7 80 80 AA 80 80 80 80 80 80 92 1B
86 82 80 80 80 80 80 80 A5 80 80 80 80 9B 81 80 80 9E 94 98 23 83 80 A6 80 86 80 80 80 80 81 80
80 80 80 89 85 80 80 80 80 9E C0 B2 80 80 80 E8 80 80 97 AE 92 9E 02 B9 80 80 80 80 9A 80 80 80
AE 80 D5 C8 80 80 89 80 98 80 9C 80 94 80 80 24 80 AD 80 D7 80 DA 80 80 80 80 80 80 80 80 80 80
83 80 80 80 80 98 80 ED 81 80 80 80 80 80 80 80 80 80 80 FE A7 80 97 80 80 80 80 80 80 80 8B F1
80 80 80 8B 9D 82 80 80 A5 80 80 80 80 C4 80 81 80 BA A0 91 0C 8C 9E 94 80 97 80 80 80 80 80 80
80 89 80 80 80 80 80 80 80 A5 CE FD 93 80 80 15 93 80 8D AE 80 80 C3 9E 80 80 80 80 9D 9B 80 8D
AD 80 8A 85 80 80 80 80 80 80 80 80 9D 80 80 D7 9B AD 80 FD 80 C9 80 80 80 80 80 80 80 80 80 80
99 80 80 80 8B 80 80 1D 80 80 80 80 80 80 80 80 80 80 80 C1 A7 80 9A 80 92 80 80 80 80 80 80 A0
88 80 85 80 85 95 80 80 A1 80 80 80 80 BA 80 8D 80 85 AC 96 DF 80 80 A5 94 80 80 80 89 80 B7 80
80 80 A4 80 80 80 80 80 80 8C 8A 97 A8 80 80 DB 80 80 8D AE 80 80 84 93 92 80 80 80 80 C4 A7 80
8D 8E 80 89 80 80 80 9D B4 80 80 80 A8 80 80 C3 9B AD 80 CA 80 AB 80 80 80 80 80 80 80 80 80 80
9F 80 80 80 CE 80 80 AB 80 80 80 80 8D 80 80 80 80 80 80 8A A7 80 81 80 80 80 80 80 80 80 80 80
89 80 A1 80 A9 A4 80 80 A5 80 80 80 80 B0 80 89 80 80 A1 80 A0 AC 80 A3 8F 80 80 80 83 80 80 80
80 80 80 85 B1 8B 98 80 80 81 B7 81 80 80 80 80 80 80 80 A7 8C 80 80 80 8E 80 80 D1 80 80 80 97
CC 80 80 AF 94 80 80 8A A8 80 80 80 8A 80 46 80 9D A6 AA 98 80 80 80 80 80 87 80 99 80 80 80 83
80 BD 80 80 80 80 80 80 84 80 80 84 80 80 C1 80 9B 80 AE 80 AF 96 80 AA 80 80 80 80 80 80 AB A5
80 80 80 06 80 9C 80 85 A4 80 80 A8 CE A9 80 80 80 92 87 80 8D B5 80 AC 80 80 80 80 80 80 80 80
80 80 80 D5 A2 98 82 80 80 9F B3 80 80 80 85 A3 9D 80 80 AA 80 B6 AB 80 96 8D 80 B8 80 80 DE 9F
80 80 80 80 A1 80 86 80 95 80 80 DE 84 80 E8 80 A0 A1 9B A5 B5 A1 80 80 80 80 9D 80 80 8F 80 84
80 80 80 80 81 80 80 C9 A5 80 80 97 80 80 BB 80 80 80 80 80 90 80 80 B9 80 80 80 80 80 8A D0 15
80 80 80 33 80 8A 80 80 9E 80 80 96 80 C2 80 80 80 AE 80 80 86 80 80 A5 80 80 80 80 CA 80 80 86
80 80 F5 B5 A3 80 C1 80 80 89 DC 98 80 80 B5 97 80 9B 80 AE 80 B0 D6 80 94 89 80 A7 80 80 80 A0
80 80 80 9D 80 80 B8 80 94 80 80 80 80 80 80 AF 9F AC A5 A2 80 80 80 80 80 80 80 80 80 A5 80 82
80 8E 80 80 FB 80 80 D1 A4 80 80 93 80 80 C2 80 80 80 80 C2 A2 80 80 8C 80 80 8F 80 80 90 CE 2B
85 80 80 80 80 98 80 80 99 80 80 80 80 80 80 80 80 89 90 81 80 88 80 A7 80 80 80 86 80 80 80 80
80 80 80 AA A3 80 80 80 80 80 CA 80 93 80 B5 D9 80 E2 A3 AE 81 8C E2 A7 84 8E 80 80 80 80 80 9D
80 80 80 80 80 80 83 80 A4 80 90 80 94 80 0D 02 8E AD 80 D5 8A 80 80 80 80 80 83 80 80 8C 80 94
A3 80 80 80 96 80 8A C3 96 80 80 8B 80 80 80 80 80 80 80 EE 9A 80 92 80 80 80 80 80 80 A8 D7 FD
91 80 80 8E 8B 80 80 80 A3 80 80 80 80 8F 80 92 80 A6 90 92 80 8B 80 96 80 80 80 80 80 80 80 80
80 80 80 80 B1 80 80 80 80 88 E0 80 A4 80 9D F5 CB B7 95 AE 80 80 BB 80 80 80 95 80 80 AF 80 CB
80 84 80 80 80 80 80 80 8B 80 80 80 A3 80 B2 AA 9B A4 80 1D 9A 80 80 80 80 80 80 80 80 9C 80 80
A4 80 80 80 80 80 93 D5 8D 80 80 80 80 80 80 80 80 80 80 92 A1 80 B3 93 82 80 80 80 80 90 81 E2
8F 80 80 80 8F 91 80 80 8D 80 80 80 80 D1 80 84 80 80 91 8F 80 80 80 A0 80 80 80 80 91 80 9F 80
80 80 97 8E A7 80 80 80 80 80 97 80 A8 80 83 D1 80 80 80 AE 80 80 88 80 80 80 A0 80 80 BC AE 91
80 91 80 80 80 80 80 80 89 80 80 80 A7 80 80 B6 9B A6 80 CB 93 80 80 80 80 80 80 80 80 8C 80 95
A5 80 80 80 BE 96 80 95 80 80 80 80 80 80 80 80 80 80 80 80 A0 80 8F 80 80 80 80 80 80 80 86 80
8E 80 8B 80 9E 9C 80 80 A4 80 80 A6 80 B8 80 91 80 80 95 80 80 BE B3 9F 80 80 80 80 98 80 80 80
80 82 80 90 8E 80 D5 80 80 80 88 80 80 80 80 8D 80 A7 80 AE 80 80 80 80 8F 81 80 A0 80 80 80 80
80 80 80 DD 80 80 80 80 A6 80 80 80 8E 80 F8 80 9A A6 80 80 80 80 80 80 80 8D 80 80 80 80 80 82
80 B0 80 80 97 80 80 80 80 80 80 80 80 89 A2 85 BF 80 E3 80 A0 9E 80 80 80 80 80 82 80 80 8D AF
EC 81 80 B3 80 97 80 80 87 80 80 8E 80 D7 8F 80 80 8F B3 80 82 CC 88 B3 80 91 80 AE 80 91 80 80
80 82 80 11 80 80 A3 80 80 80 91 80 80 80 80 AC 8E C9 80 AE 80 86 80 80 A7 99 80 A3 80 83 C2 80
80 80 80 80 9A 80 80 80 87 80 80 C8 80 80 CA 99 99 9D 80 80 A2 8C 80 86 80 80 80 80 80 BF 80 86
80 80 80 80 80 80 8A 80 85 80 80 80 80 91 A6 80 80 80 86 80 95 80 80 80 80 80 8B 80 80 80 80 C6
A6 80 80 07 80 8B 80 80 82 80 80 B1 80 2F 80 80 80 AB B6 80 80 80 91 AA 80 80 80 CD DA AC 80 80
80 82 AD E6 82 80 9F 80 80 80 AB A7 80 C9 80 8A 80 94 80 AB 80 8A 9D 80 94 A2 80 9A 80 80 80 9F
80 80 80 80 80 80 B5 80 9F 80 80 80 90 80 80 9E 9B AC 95 80 80 80 80 8F 80 80 80 80 80 0B 80 80
8D 8A 80 80 9C 80 80 80 9D 80 80 99 80 9D B0 80 80 80 80 8A A9 80 80 80 80 80 BB AA 80 8E 80 AE
8E 80 80 80 80 84 80 80 80 80 80 80 80 EB 80 80 80 80 90 80 80 92 80 AD 80 80 80 9C 98 AB 80 80
80 83 88 D7 80 80 80 80 80 80 8E 80 88 D5 80 B1 80 91 80 AE 80 92 A3 80 94 A2 80 80 80 80 80 B1
80 80 80 80 A0 80 A2 80 84 80 80 80 9B 80 1B AF 9B AD 80 94 80 80 80 9F 80 80 80 80 80 E7 80 80
A2 80 80 80 83 89 80 80 AD 80 80 A6 80 96 80 80 80 80 AA 9D 98 80 80 80 80 BF B7 BE 80 8B 80 BD
91 80 80 80 80 80 80 80 95 80 80 80 80 CC 80 80 80 80 90 8E 80 80 80 85 80 80 80 80 A5 92 80 80
80 84 82 CF 81 80 80 80 80 85 8F 80 9B 80 80 C4 A5 88 80 9E 80 80 89 80 80 91 80 80 80 80 80 C9
80 80 80 80 8D 80 80 80 99 80 80 80 9D 80 93 8E 9B 9B 80 88 88 80 80 8F 80 80 80 80 80 DB 80 80
9F 80 80 80 80 A1 8C A4 CA 80 80 8B 80 80 80 80 80 80 88 80 B1 80 88 83 80 80 A4 C1 80 90 80 C4
88 80 80 80 80 83 80 80 93 80 80 80 80 EE 80 80 80 80 90 87 80 80 80 AC 80 80 80 80 BF 8E 87 80
80 84 88 AA 80 80 80 80 80 80 80 80 87 80 80 AD 80 9E 80 AB 80 86 80 80 80 91 80 80 80 D7 80 AF
80 80 80 85 80 80 80 80 B2 80 80 80 A8 80 80 8B 9B A7 80 80 80 88 80 80 80 80 80 80 80 AB 80 9C
9E 80 80 80 95 99 80 80 99 80 80 87 80 80 80 80 80 96 80 80 9E 80 80 80 80 80 9C 8C 80 80 89 80
8C 80 80 88 8C 92 80 8D A4 80 80 A4 80 D3 80 80 80 80 90 80 80 A5 A6 93 80 80 80 98 BF 80 80 80
82 82 85 80 83 80 DB 80 80 80 99 80 80 91 DB 8A 8C 80 80 AE 95 80 80 80 93 97 91 80 80 80 80 80
80 80 80 8D 80 80 80 80 A6 80 80 80 8C 80 A9 8F 9A A7 8E 80 80 80 89 80 80 9F 80 91 95 80 80 99
80 A3 80 80 C4 80 80 80 80 80 80 80 80 80 80 A4 BF 80 2A 85 A2 80 80 93 8B 80 B0 80 80 80 F1 BE
80 A3 80 A0 96 9E 8D 80 8E 80 80 80 80 80 AC 80 80 96 9F 80 80 A7 80 AA 80 8B 80 E9 80 B7 80 80
80 82 85 D4 9C 80 82 80 80 80 9D 80 80 9A D3 91 D4 80 80 AE 80 80 80 80 96 A8 89 84 80 8E B0 87
80 80 80 80 99 80 80 80 8A 80 80 AD 80 80 85 AB 97 A1 80 80 A7 80 80 80 80 95 80 80 9C 80 80 8B
8D 80 80 80 80 80 80 80 80 80 80 80 80 80 80 B4 80 80 8E 80 9D 80 80 9E 93 80 DA 80 82 80 85 83
80 9C 80 DB 80 9A 81 80 90 80 80 9C 80 80 9A 80 80 B0 A2 80 80 80 AF A7 80 80 80 F4 80 C9 80 80
80 82 85 B5 82 80 80 80 80 80 B0 80 A2 E8 E3 80 C5 80 80 AB 80 80 80 80 94 A7 92 9C 80 92 83 87
80 80 80 80 A9 80 80 80 AE 80 8E 80 8D 80 80 80 9B AD 85 80 8C 80 80 84 80 86 80 80 9E 8A 80 80
9A 80 80 80 8E 80 80 80 80 80 80 80 80 80 86 95 80 87 80 80 A2 80 80 9F 82 80 DC 80 80 80 80 80
80 84 80 80 8C 97 80 80 88 80 80 80 80 80 87 80 80 80 90 80 80 85 80 AA 80 8C 80 A4 80 D1 80 80
80 81 80 AA 80 80 80 80 80 80 9A 80 95 10 DB 80 A7 80 8E AD 80 91 80 80 94 A7 9F 80 80 80 80 8E
80 80 80 80 C0 80 A3 88 91 80 80 80 93 80 8D 80 9B AD 80 89 89 81 80 82 80 89 80 80 A7 97 80 80
9F 80 80 80 80 80 80 80 80 80 80 80 80 80 80 90 80 9F BA 80 97 80 80 AD 80 88 CF 80 80 85 A6 B5
91 80 80 80 80 A4 80 80 97 80 80 80 80 80 A0 80 80 80 90 80 80 80 95 8B 80 8A 80 94 80 AF 82 80
80 82 85 94 80 80 80 80 80 80 80 80 8F F0 D1 83 E7 80 99 9B 8A 80 80 80 80 A7 BF 80 80 80 80 8F
80 80 80 80 80 80 8C 90 92 80 80 80 A4 80 80 8A 9B 9F 80 A3 8F 80 80 80 80 80 80 80 99 A3 80 80
9E 80 80 80 84 80 80 A0 80 80 80 80 80 80 80 96 80 9F AC 80 A3 80 80 B7 80 80 B7 80 80 87 83 D5
8D 80 80 80 86 9A 80 80 9A 80 80 80 80 80 93 80 80 80 90 80 80 80 D1 9D 80 80 80 AA 80 99 80 80
80 82 8C 80 80 80 80 80 80 80 80 80 9A AF BB 80 80 80 80 A7 94 81 80 80 80 A7 B5 80 80 A5 80 89
80 80 80 80 92 80 8E 94 A9 8F 98 80 A8 80 80 89 9B AB 84 AE 88 91 80 80 80 90 80 80 A3 80 80 82
9E 80 80 80 94 80 80 80 80 80 80 80 89 80 80 98 81 A7 80 80 9E 80 80 9C 80 80 9C 80 80 84 B4 80
9F 80 80 84 94 99 92 80 A3 80 80 80 80 80 80 80 80 87 90 80 80 92 14 80 80 80 80 E3 81 80 80 80
Output Feature Map:
Tensor index: 38
Shape: 1x6x6x128
Bytes expected: 4608
Bytes parsed: 4608
Hex bytes:
A0 80 90 83 80 9C B4 B6 8E 80 80 80 80 81 83 A5 CD 8D 82 80 80 80 81 80 93 A1 8D 80 AD 96 98 89
CC C1 86 AD A8 9C 80 96 A4 95 BD 83 9F 80 8F 80 9D 8D 89 86 94 9A AA 80 80 90 A8 80 80 80 93 A6
86 AF 86 9D C4 AA 89 D3 80 80 A8 80 9B 80 AB 9E 90 80 A3 A0 9B 80 8F 80 8B 84 83 AB 90 88 A0 B3
81 A7 80 B2 86 8F 80 A1 93 80 80 9A 80 AF C1 A6 A9 80 80 83 90 80 AD 83 BD 80 80 80 93 80 80 93
A5 80 81 80 80 B4 DB B4 80 80 80 80 80 81 8E C1 F1 98 81 80 94 80 80 A0 AF 8F 83 9A B0 99 88 80
D0 AA 80 AD D3 8F 86 84 8F 87 BC 80 A0 80 80 91 8B 80 80 80 8F D0 B8 80 80 94 A8 80 80 80 80 CF
80 D1 A4 A6 AD 94 85 F7 80 80 AD 8C 80 80 9B 9B B9 80 CD 8D A2 80 86 80 9D 86 80 F3 88 C8 91 80
80 94 8C B7 80 93 AD BA 80 80 80 9B 80 B4 C0 88 9F 81 80 80 93 80 C2 8C CC 80 80 80 96 80 80 A6
BF 80 80 80 80 87 CB C6 80 80 80 80 80 80 9C C5 F8 A8 8C 80 96 80 80 89 C1 80 80 BF A2 A5 80 80
B5 AE 80 9D AE 80 84 80 80 90 9D 80 8C 80 80 80 80 80 80 80 80 D6 9B 80 80 AE 88 80 80 80 80 C5
86 06 AE A2 96 80 A0 13 80 80 81 82 80 80 80 8D D4 80 D5 80 80 80 80 80 80 80 80 03 A5 0E BC 80
81 81 9A A0 80 80 D3 A2 80 80 80 80 80 9E AD 80 A0 99 80 80 80 80 90 85 AD 80 80 80 80 80 80 B4
C3 80 80 91 80 80 A6 AD 8A 80 80 80 80 8A BB E9 F1 D4 9E 80 89 80 80 80 B6 80 80 9D 85 C9 80 80
B0 BE 80 8A AE A6 BA 80 80 88 81 B1 80 80 80 80 80 89 80 80 80 B2 91 80 80 B5 98 99 80 80 AA BA
83 FA 8A AD 93 80 B5 0B 80 80 80 96 80 92 80 82 C4 8E D2 80 80 80 80 80 8E 80 80 DB 9C 29 9A 80
80 80 95 9D 80 87 F4 BA 80 80 80 80 80 AE 83 80 A6 99 80 80 80 80 8C 87 B0 80 80 80 80 80 80 8E
D4 80 80 BC 80 87 80 94 8E 80 80 80 8C AD B0 EB F5 DB 9E 80 80 80 80 80 98 80 83 9F 84 BB 80 81
AC E4 80 81 97 B4 B5 8C 80 83 80 C3 80 80 9B 80 80 9D 8F 80 80 A3 80 80 80 A9 B1 A8 80 9D BF BE
90 D2 80 A8 81 80 D6 F0 80 80 80 8E 80 B7 80 80 AF AC B4 88 80 80 80 80 80 80 80 AA B2 23 BB 80
83 80 91 84 80 9D 03 AA 80 80 80 80 80 C6 80 80 B9 89 86 80 80 80 84 8B A0 80 80 80 88 80 9D 80
C9 80 80 C2 80 82 80 99 9E 80 80 80 C5 B2 9C D3 DD C8 A2 80 80 80 80 80 B8 80 80 88 80 BE 80 82
8C C6 80 80 A8 A2 A4 97 80 80 80 E1 80 80 85 80 94 AF AA 80 80 85 80 80 80 AA 80 80 80 85 B5 A7
80 A4 80 98 80 80 D6 D1 94 80 80 80 80 9D 80 80 A2 98 A6 80 80 80 80 80 80 80 80 A2 89 02 B4 80
80 80 87 80 80 80 DE C8 A1 80 80 80 81 A5 80 80 99 81 93 80 80 80 80 8E 80 80 9D 80 80 83 B8 80
80 80 80 88 80 AB 9A C3 AD 80 87 80 80 80 80 9B C0 93 9F 80 92 80 80 A4 80 AE 87 8B 99 8A 98 92
B1 92 80 E1 80 A3 80 80 9A 81 AB 80 B2 80 A1 80 B1 82 8A 80 8C CB 9E 96 80 84 8D 80 80 99 80 8A
80 AA 80 80 80 98 8E C2 80 80 98 80 80 80 A2 8B 92 81 80 9B AC 80 80 80 8A 80 A7 A4 97 80 98 8F
AF AA 80 8B 80 9D 91 9D 80 80 80 83 80 C3 C0 8D 8D 80 80 80 9F 80 80 8C C1 80 86 80 A7 C2 80 B7
9A 80 80 80 80 8F B8 A8 A2 80 80 85 80 80 B3 F6 52 DE BA 80 8D 80 80 AD 80 8B 80 80 80 80 86 80
80 93 80 BE AD 8D 8C 8D 80 80 80 80 9B 80 85 80 B0 89 80 80 80 E8 A7 80 80 80 80 C1 80 99 80 BD
80 0E 82 80 80 80 82 DB 80 80 8D 80 80 92 80 80 D3 80 B2 80 91 80 80 80 A7 80 A6 BA 80 8C B3 80
80 86 90 B0 80 80 F3 80 80 80 80 80 80 B8 85 80 81 80 80 80 B7 80 80 BF 9E 80 80 A7 A6 80 80 F6
BD 80 80 80 80 80 83 98 BF 80 80 87 80 80 E5 D3 45 FF A5 80 BB 80 80 84 AC 80 80 9B 80 A5 80 80
83 CB 80 80 B5 86 8B 80 80 80 80 B4 98 80 80 80 CB 80 82 80 80 DE 80 80 80 84 80 D2 8D 80 9E C7
80 46 9F 80 80 80 80 F4 80 9E 87 91 80 A3 80 80 EF A5 B2 80 80 80 80 80 82 80 80 D9 AF C7 B0 80
80 80 98 A9 80 80 45 80 80 80 80 A2 80 BB 80 80 80 80 80 80 80 80 80 C8 87 80 80 8B 9E 88 80 EC
92 80 80 83 80 85 80 A3 BF 80 80 80 80 80 DE B4 37 0D BB 80 C0 80 80 80 AA 80 80 9B 80 B5 80 80
A9 C3 94 80 A1 9C C8 80 80 80 80 95 80 80 80 80 96 80 9B 80 80 AA 80 80 80 80 80 00 88 80 BC BC
80 30 80 81 80 80 80 FB 80 80 80 B7 80 C4 80 80 F2 BC B5 80 80 80 80 80 9E 80 80 C9 96 FC 80 80
80 80 95 80 80 AA 5D 85 80 80 80 9F 80 A8 80 80 80 85 80 80 80 80 80 AA 90 80 80 80 A5 AC 80 B2
80 80 80 A8 AC 99 80 AF BD 80 80 80 80 A5 C1 92 FD 02 AB 80 8A 80 80 9D BE 80 83 BF 80 A8 80 80
AB B0 80 8A 80 95 BE 80 80 80 80 94 80 80 C9 80 80 80 B9 80 80 AB 80 80 82 80 CE DB 99 A5 9D A2
80 EE 80 8B 80 80 8F D7 80 96 80 B8 80 D4 81 80 AF DE 8C 80 80 80 80 89 80 80 82 AE 9C 05 80 80
A7 80 9B 80 80 CE 36 A3 80 80 80 97 85 9A 80 8C 80 A3 80 80 80 80 82 9C 80 80 80 80 B9 BE 83 80
8B 80 80 AC 9A 8B 80 A9 A3 80 80 80 95 A3 9D 85 F3 E7 97 80 80 80 80 80 B5 80 84 A4 80 99 80 81
80 CE 80 80 80 8C 94 80 80 80 80 B5 81 80 B8 80 81 80 B9 80 80 91 80 87 81 80 AB AD 96 9D AB 8D
80 B6 80 94 80 80 96 A7 89 85 80 97 80 DB 80 80 AC A7 98 80 80 80 80 9A 80 80 92 AF A5 F1 99 80
85 80 9C 80 80 9F E7 9E 80 80 80 82 9C A1 80 85 80 A3 83 80 80 80 80 90 80 80 87 80 80 92 9B 80
81 9F 80 94 8C 93 86 AF C5 80 B1 92 80 80 80 9B A3 A3 8C 8B 80 80 80 A3 80 AF 80 80 8F 8D A0 96
9B 80 A6 C7 89 A9 80 87 A3 80 A7 86 AE 80 80 80 C7 A9 AA 86 B7 C3 90 A0 87 8C 80 80 A4 8D 80 8D
80 9A 80 80 80 AE AD AE 80 84 AA 87 80 80 8F 8F 88 80 81 8D A9 80 80 80 87 83 AE 91 80 80 80 B4
94 C9 80 80 86 84 94 93 80 97 85 80 80 C3 95 98 90 80 80 80 90 80 80 80 BA 80 9A 80 9E C2 80 AA
9A A4 80 BB 80 80 83 90 CA 80 95 B2 80 80 A4 DA 11 DF 88 86 A3 80 80 BF 80 81 80 80 80 80 80 80
80 80 D1 8D A8 86 80 80 80 81 80 A5 9A 80 B0 80 E7 A0 80 80 86 DC A5 80 80 80 80 90 AC A9 80 BF
80 F2 80 80 80 80 B1 BE 80 80 85 93 80 A8 80 80 9F 90 80 80 A4 80 80 80 83 80 93 91 8E 80 A3 80
80 93 80 8A 80 84 F6 A2 80 80 85 9A 80 B2 80 80 80 80 80 80 9D 80 90 C8 99 80 80 DF E2 C8 80 F1
8A 80 80 BD 80 80 80 80 EF 80 80 8C 8F 80 D0 A3 F4 E9 80 8D BE 80 80 80 80 80 80 80 80 94 80 80
C2 BC F8 80 BA A0 80 80 80 AC 80 E3 90 80 DC 80 0A 84 8E 84 95 BC 96 80 80 80 9A EC BF A1 C0 A4
80 09 80 80 80 80 80 C7 9C 95 AC AE 98 AD 9B 80 BC BA 80 80 80 80 80 80 80 80 80 A2 BF 80 8A 80
80 80 80 A3 80 C9 1E B8 80 80 8C E0 80 FC 80 80 80 80 92 80 80 80 D2 B1 80 80 80 A2 0C D6 80 D5
80 80 80 BD 85 80 80 80 C9 80 80 98 80 9F BF A2 DF ED 85 A1 E8 80 80 AA 80 80 80 A7 80 E4 80 80
AA B4 DC 80 80 91 80 80 80 80 80 83 88 80 BE 80 9B 80 A4 80 80 D2 8C 80 9F 80 A9 E8 B5 99 A5 95
80 F2 80 80 80 80 80 E7 80 88 80 D3 BD C1 9D 80 B0 DF 96 9F 80 80 80 80 80 80 80 BA 8B 80 80 80
80 80 80 80 80 FC 27 9C 80 80 80 80 80 E3 80 B1 80 80 82 80 80 80 C1 80 80 80 80 A7 FA D1 80 B4
80 80 80 BD BE 80 80 80 BE 80 80 80 80 A5 BE 80 BB E9 80 88 A3 80 80 9B C1 80 83 A1 80 BE 80 80
90 AA B7 80 80 85 80 80 89 80 80 85 80 80 C3 80 9A 80 CC 80 8A A3 80 80 9F 80 AA C3 BA 95 A4 90
80 BA 80 80 80 80 83 B2 80 95 80 BD 9D AD 80 80 93 DF 8F AD 80 80 80 87 80 80 80 93 80 84 80 80
80 8A 82 80 80 D7 FC AF 80 80 80 80 91 A6 80 C7 80 90 87 80 80 80 B6 88 80 80 80 99 E3 B3 80 96
80 80 80 B0 B1 8F 80 96 9B 80 80 93 83 A5 A7 83 B5 D5 81 94 80 80 80 A1 BC 80 80 9D 80 9D 80 80
81 BC 84 80 80 96 80 80 8C 89 80 92 88 80 BF 80 80 99 A4 80 80 98 80 80 98 80 9C 9E 99 A6 B9 80
80 8F 80 80 80 80 A0 99 81 94 87 A3 81 AA 80 80 94 A5 8C 93 80 80 80 8A 80 80 86 A7 8C B4 80 80
80 80 86 80 80 9B C3 99 80 80 8B 80 80 A0 80 92 80 99 BE 8E 80 80 9E 88 80 80 8F B0 8E 80 88 80
9A 99 96 80 80 8F 80 9F E9 80 9C 93 80 8A 80 80 92 9A 80 80 80 80 80 B1 85 99 80 9F 99 98 99 93
BB 80 B2 98 A9 CA 80 98 DC 80 9D 91 9F 8F A8 81 C3 BD AB 80 BF C1 80 AE 80 8C A5 80 B5 80 80 8A
80 86 80 80 80 C0 A8 EB 96 AD A6 80 80 80 B4 A0 9B 80 80 99 A0 81 9E 80 80 80 8F 9A 8D 80 80 92
80 C3 80 80 80 97 80 FB 80 9D C6 80 80 BA 80 8C 80 82 80 80 80 80 82 93 AA 80 B7 80 A1 C9 80 80
96 AD 93 A3 80 80 80 80 B0 8D 8D 9C 8F 80 9D A9 B5 AE 80 80 99 80 80 BD 80 81 99 C6 80 80 80 80
80 80 CC 80 A9 AF 80 80 8A 98 80 83 99 80 B9 8E D0 95 80 80 C3 A8 B2 A0 80 80 80 80 C6 93 80 92
80 92 80 80 80 96 B4 D1 AE 8F 80 8E 80 9B 80 80 D2 80 80 8F 80 80 80 80 80 93 81 81 80 80 80 80
80 AB 80 80 80 84 BD ED 80 80 BC AC 80 9B 80 80 80 80 80 80 93 8A B0 DA 80 80 C8 CD BF C4 80 A8
80 80 A7 A6 80 8F 80 80 CD 80 80 A5 9B 80 C3 80 8B E2 80 97 A0 80 8C 8F 80 80 80 A7 80 80 80 80
B8 97 E3 80 80 A5 80 80 80 C5 98 C3 99 80 10 80 D2 80 93 80 D7 94 86 99 96 80 DA A5 AB C3 80 80
80 C5 80 80 80 80 86 BA 99 93 81 A7 B8 9A B7 80 9B BB 80 A3 80 81 80 80 80 80 9C 80 D3 80 80 80
80 80 80 80 80 B0 BD FD 80 80 B7 C0 80 DE 80 87 80 80 C4 80 80 80 D8 B9 80 80 80 C1 E8 BE 82 D2
80 84 82 AA A0 80 84 80 9A 80 9B C9 80 90 93 88 B0 EC 80 8F B4 80 99 B3 8A 80 8B CA 80 89 80 80
A2 8D E0 80 80 B6 80 80 A9 91 80 80 94 80 D8 80 A7 80 B4 80 DB CD A5 80 93 80 BE A1 AA 97 80 80
80 B1 80 80 80 80 97 DD 81 81 80 9E 99 9C CA 80 BC C8 80 A1 80 80 80 80 80 80 80 B0 83 80 80 80
80 80 80 80 80 C9 AC E0 80 80 81 8F 80 E9 80 B4 80 80 80 80 80 80 E4 8B 80 80 8F B7 D0 9F 80 B8
80 A4 80 C1 93 80 80 80 99 8D 80 A3 80 80 AF 80 87 E9 80 80 A3 80 80 8F BD 80 80 B0 80 91 80 80
80 83 D6 80 80 8F 80 80 8C 95 89 8A 80 80 D2 80 AA 95 B4 80 B3 AC 80 80 A3 80 82 8E A1 90 9C 8E
80 95 80 80 80 8D A9 A1 80 9C 9E 81 80 8C 80 80 B6 AE 80 8B 80 80 80 80 80 80 80 81 80 80 80 80
80 A1 80 80 80 8D AD E5 80 80 80 80 80 96 80 94 80 84 80 80 80 80 C7 84 80 80 80 9C B9 A2 80 98
80 80 80 B4 B4 87 80 8C 99 80 80 8F A2 A4 A9 80 9A BE 80 80 80 80 80 B2 D0 80 86 AF 80 A1 80 80
80 B6 80 80 80 87 80 80 83 89 80 90 80 80 B6 80 80 B1 94 80 86 AC 80 80 A7 80 89 81 93 AE B9 80
87 80 80 80 80 80 B3 A7 80 9B 95 84 80 A9 81 80 84 9C 8E 9D 80 80 80 88 80 80 80 91 86 A6 80 89
80 80 80 80 84 8B A6 A5 80 80 9D 80 80 9A 80 94 80 8B A9 95 80 80 AD 80 80 80 94 BB 80 80 96 80
A2 80 9F 85 80 95 80 96 D9 80 80 A7 80 94 81 94 80 A9 80 8A 80 80 80 80 9A 80 96 81 83 97 91 93
D3 80 9B 97 A7 CE 80 87 CC 80 B7 95 9E A8 AB 80 BA AB 98 80 96 96 80 A0 80 9B 8C 80 94 84 93 80
80 8A 80 88 80 9C 9D E3 80 B2 8D 80 80 80 B9 9A 99 80 80 8B A9 80 80 80 80 80 80 8D 95 80 80 80
80 9B 80 86 80 8C 9E E9 80 88 C0 82 80 BA 89 80 80 80 80 82 80 80 80 80 AB 8C C2 80 99 B5 80 91
D5 80 97 8E 80 80 80 80 86 82 9A B7 B9 80 94 B3 80 97 80 80 80 80 80 A0 B7 80 C4 CF 80 80 80 9F
80 80 83 80 B7 A5 80 80 92 80 80 80 8B 80 80 89 93 B2 80 80 CB B2 BF BD 80 80 80 80 AA 97 80 80
80 80 80 80 80 8B DF C4 92 98 80 80 80 80 80 80 D1 80 84 80 B8 80 80 80 80 A7 80 95 80 89 9B 8A
80 80 80 80 94 80 BA C6 80 80 8A 80 80 A4 80 80 80 80 80 80 80 82 8B 9E 80 94 D7 8F 80 80 80 80
9A 80 8E 80 89 82 87 81 84 80 8B 9F A6 89 B1 80 80 9C 80 80 80 80 80 80 99 80 A7 B9 80 80 80 90
94 8D 80 80 87 80 8E 80 80 86 B3 88 97 80 87 8F 93 8D 95 80 C5 B0 8A A0 C4 80 80 80 92 A9 80 80
80 86 80 93 80 93 BC 98 80 86 80 8F 85 80 80 80 8F 80 94 89 8E 8D 80 85 80 B9 A6 9E 92 B1 80 91
80 80 80 80 8F 80 A5 AB 89 80 80 80 80 93 80 80 80 80 80 80 80 80 98 80 80 80 80 80 98 80 80 9A
8B 80 80 99 8E 80 A9 85 80 80 9D 91 80 80 A6 8B 80 AA 80 80 82 80 80 80 93 80 B9 BD 80 80 80 80
98 85 80 AD 8E 80 84 80 8E 80 A0 80 9C 80 94 83 A7 9B 9E 80 B4 E0 90 80 AA 80 80 82 85 8E 80 86
80 8D 80 9D 80 8B B7 AC 80 80 80 8A 80 80 85 80 99 8E 83 A7 90 80 80 80 80 B4 96 BB 80 AC 87 80
80 81 80 80 80 80 92 BC 80 80 80 80 80 AC 88 94 80 91 80 8E 80 80 AC 80 80 80 83 80 9E 80 80 A2
91 88 80 8A 80 80 9A 8C 81 80 80 90 81 83 C1 89 82 C5 80 80 87 80 80 80 93 80 B9 C2 80 8A 80 80
8B 94 80 80 99 85 BC 80 80 80 8A 8D 90 80 80 80 8F 9A 84 80 A5 9C 91 80 95 80 80 80 85 9B 80 80
80 88 80 87 80 85 B3 A9 80 8F 92 85 80 80 80 80 A3 80 A8 80 80 80 80 80 80 A6 80 A0 80 B4 80 80
80 90 80 80 86 80 A8 9E 80 80 80 80 80 80 80 80 80 8B 80 9C 80 80 9E 8A 80 80 80 86 80 80 80 91
94 84 81 97 87 80 80 99 87 80 80 9E 97 A8 A8 91 84 B2 80 80 80 80 80 80 B9 80 A7 A3 80 96 80 80
80 AF 80 80 80 8E 93 80 80 80 80 A9 80 80 82 80 86 C9 84 80 8F 9F 80 82 9E 80 80 80 86 AD 93 80
80 80 80 80 80 80 BF 93 80 A7 90 80 80 85 80 80 80 86 9B 82 80 80 80 8F 80 8E 85 AD 80 AF 8E 80
80 84 88 80 98 80 98 A1 87 80 8A 80 80 88 80 80 80 9C 80 86 80 80 85 80 80 80 9A A2 80 80 8B 80
86 8C D4 92 99 AD 80 98 B9 80 80 C9 80 B7 96 80 80 A1 80 A0 A5 80 84 D1 80 80 8C A5 86 80 9B 82
C3 A6 B5 B7 A8 98 80 80 B1 8C B5 8C DD CF B0 80 80 80 80 80 8F B3 AD 8D 80 80 BD 80 CD C4 97 80
83 80 80 80 80 AE 8A 9D 80 A9 80 80 8C 98 DA 99 80 9A 80 80 B8 9B B1 89 80 80 A6 80 D9 80 80 94
83 81 80 87 88 80 80 CC 80 B2 DB A2 80 95 A0 80 80 80 80 80 80 8D 8C 80 92 85 C9 80 A6 CC 80 B3
B0 97 B5 8F 8E 99 80 80 80 9E 86 A3 9D 80 80 80 80 80 80 80 A4 80 80 C8 99 81 8B C4 80 80 80 94
80 A0 80 8F 82 80 80 80 90 80 88 80 C6 A9 84 A6 80 92 80 80 A5 B2 D3 BA 9C 80 80 80 C7 C9 89 80
86 80 80 80 80 BF B5 80 86 89 80 80 80 97 80 97 80 80 8D 80 A2 AD 96 8E 80 A9 80 80 80 80 80 B6
80 80 80 80 A1 80 80 90 80 80 AD 80 80 80 80 80 80 80 80 80 80 A8 9F 80 80 8A C4 A7 80 80 80 8B
80 94 AB 9A B5 AE 80 8B 80 92 97 A1 93 87 80 80 80 98 82 80 80 8B 80 95 80 80 80 A1 80 80 80 8A
80 A1 80 94 80 80 80 80 80 90 C0 80 E1 94 8E B9 80 80 80 80 9B 9C AF 9E BA 80 80 80 AC D1 8E 80
92 80 80 80 80 D4 C0 80 80 80 80 80 94 8C 99 80 80 80 91 87 80 9C 80 A7 80 CA B0 80 83 80 80 CE
80 8B 80 80 9F 80 80 80 9F 80 A1 80 91 82 85 80 80 80 80 80 80 91 98 80 80 80 A9 88 88 80 80 A4
80 A4 9E A9 B8 B7 83 8E 80 86 9C 94 9F 80 8E 80 80 9D 8A 80 A1 89 80 8C 80 80 88 A8 80 80 80 80
80 A3 80 A3 80 80 80 80 80 9B BB 86 CF 9B 8F AB 83 8E 89 80 92 B4 A2 8D A3 80 80 80 A6 D5 8D 80
93 80 80 88 80 D6 C7 80 80 80 80 80 80 90 93 80 80 83 80 9D 85 80 80 96 80 BF B6 80 A5 86 80 BC
8C 93 80 80 8D 80 80 94 9D 80 B1 80 9B 80 93 80 80 8C 80 80 80 9F 99 80 8C 89 9D 8A 97 89 80 BE
80 9A 87 9D A3 91 80 8D 80 9C 80 86 AF 80 90 80 80 9E 80 80 D0 8E 80 83 80 80 90 B3 80 80 80 8E
80 A4 80 8F 80 80 80 80 80 A9 B2 80 DA A2 94 AD 86 80 80 80 84 A1 97 96 A6 80 80 80 97 D0 AC 80
96 80 80 80 80 CC A6 80 80 80 8E 80 8A A7 8B 80 81 80 82 8A 83 80 84 94 80 B1 9B 80 AC 80 80 B0
80 96 80 80 8D 80 80 93 96 80 8E 80 89 80 97 80 80 80 80 80 80 A5 A1 80 9C 80 81 80 87 9C 80 8A
86 92 98 93 B4 91 80 9A 80 82 80 8E 8B B6 8B 80 80 98 82 80 A4 83 80 9D A8 80 80 9B 80 95 80 80
80 C5 80 80 80 8C 80 8B 91 8C 8A 9D A5 B2 94 A8 80 90 80 80 80 A0 80 9F A2 95 95 80 A3 D1 D5 80
A6 80 80 80 80 96 9F 89 89 90 92 80 84 BA 8A 80 81 93 80 80 80 80 C4 A0 80 80 86 80 AA 80 87 B0
80 80 80 80 8C 80 80 A2 B1 92 A2 89 80 86 94 80 80 80 80 80 80 81 9F 80 80 80 91 8E 80 80 8E 87
